Some((
    red: 0.256945,
    green: 0.5111748,
    blue: 0.11310446,
))