Some((
    red: 0.4444652,
    green: 0.8240704,
    blue: 0.22968853,
))